 0.00000000e+00  0.00000000e+00  0.00000000e+00  1.66719398e-15 
 1.00000000e-02  1.00000000e-02  1.00000000e-02  2.24987932e-15 
 2.00000000e-02  2.00000000e-02  2.00000000e-02  3.35395516e-15 
 3.00000000e-02  3.00000000e-02  3.00000000e-02  4.75709335e-15 
 4.00000000e-02  4.00000000e-02  4.00000000e-02  6.74722424e-15 
 5.00000000e-02  5.00000000e-02  5.00000000e-02  9.56990174e-15 
 6.00000000e-02  6.00000000e-02  6.00000000e-02  1.35733942e-14 
 7.00000000e-02  7.00000000e-02  7.00000000e-02  1.92516446e-14 
 8.00000000e-02  8.00000000e-02  8.00000000e-02  2.73051956e-14 
 9.00000000e-02  9.00000000e-02  9.00000000e-02  3.87275894e-14 
 1.00000000e-01  1.00000000e-01  1.00000000e-01  5.49278906e-14 
 1.10000000e-01  1.10000000e-01  1.10000000e-01  7.79044275e-14 
 1.20000000e-01  1.20000000e-01  1.20000000e-01  1.10491153e-13 
 1.30000000e-01  1.30000000e-01  1.30000000e-01  1.56706958e-13 
 1.40000000e-01  1.40000000e-01  1.40000000e-01  2.22250931e-13 
 1.50000000e-01  1.50000000e-01  1.50000000e-01  3.15204488e-13 
 1.60000000e-01  1.60000000e-01  1.60000000e-01  4.47026684e-13 
 1.70000000e-01  1.70000000e-01  1.70000000e-01  6.33964998e-13 
 1.80000000e-01  1.80000000e-01  1.80000000e-01  8.99054737e-13 
 1.90000000e-01  1.90000000e-01  1.90000000e-01  1.27495224e-12 
 2.00000000e-01  2.00000000e-01  2.00000000e-01  1.80794886e-12 
 2.10000000e-01  2.10000000e-01  2.10000000e-01  2.56365662e-12 
 2.20000000e-01  2.20000000e-01  2.20000000e-01  3.63505960e-12 
 2.30000000e-01  2.30000000e-01  2.30000000e-01  5.15391208e-12 
 2.40000000e-01  2.40000000e-01  2.40000000e-01  7.30686857e-12 
 2.50000000e-01  2.50000000e-01  2.50000000e-01  1.03583005e-11 
 2.60000000e-01  2.60000000e-01  2.60000000e-01  1.46825546e-11 
 2.70000000e-01  2.70000000e-01  2.70000000e-01  2.08095336e-11 
 2.80000000e-01  2.80000000e-01  2.80000000e-01  2.94890518e-11 
 2.90000000e-01  2.90000000e-01  2.90000000e-01  4.17816256e-11 
 3.00000000e-01  3.00000000e-01  3.00000000e-01  5.91864240e-11 
 3.10000000e-01  3.10000000e-01  3.10000000e-01  8.38213733e-11 
 3.20000000e-01  3.20000000e-01  3.20000000e-01  1.18676317e-10 
 3.30000000e-01  3.30000000e-01  3.30000000e-01  1.67968267e-10 
 3.40000000e-01  3.40000000e-01  3.40000000e-01  2.37638930e-10 
 3.50000000e-01  3.50000000e-01  3.50000000e-01  3.36049879e-10 
 3.60000000e-01  3.60000000e-01  3.60000000e-01  4.74951247e-10 
 3.70000000e-01  3.70000000e-01  3.70000000e-01  6.70827247e-10 
 3.80000000e-01  3.80000000e-01  3.80000000e-01  9.46758234e-10 
 3.90000000e-01  3.90000000e-01  3.90000000e-01  1.33498650e-09 
 4.00000000e-01  4.00000000e-01  4.00000000e-01  1.88043439e-09 
 4.10000000e-01  4.10000000e-01  4.10000000e-01  2.64550087e-09 
 4.20000000e-01  4.20000000e-01  4.20000000e-01  3.71655961e-09 
 4.30000000e-01  4.30000000e-01  4.30000000e-01  5.21269931e-09 
 4.40000000e-01  4.40000000e-01  4.40000000e-01  7.29738791e-09 
 4.50000000e-01  4.50000000e-01  4.50000000e-01  1.01939078e-08 
 4.60000000e-01  4.60000000e-01  4.60000000e-01  1.42056003e-08 
 4.70000000e-01  4.70000000e-01  4.70000000e-01  1.97421804e-08 
 4.80000000e-01  4.80000000e-01  4.80000000e-01  2.73536408e-08 
 4.90000000e-01  4.90000000e-01  4.90000000e-01  3.77735752e-08 
 5.00000000e-01  5.00000000e-01  5.00000000e-01  5.19741097e-08 
 5.10000000e-01  5.10000000e-01  5.10000000e-01  7.12350110e-08 
 5.20000000e-01  5.20000000e-01  5.20000000e-01  9.72297887e-08 
 5.30000000e-01  5.30000000e-01  5.30000000e-01  1.32131334e-07 
 5.40000000e-01  5.40000000e-01  5.40000000e-01  1.78738001e-07 
 5.50000000e-01  5.50000000e-01  5.50000000e-01  2.40616578e-07 
 5.60000000e-01  5.60000000e-01  5.60000000e-01  3.22249350e-07 
 5.70000000e-01  5.70000000e-01  5.70000000e-01  4.29156586e-07 
 5.80000000e-01  5.80000000e-01  5.80000000e-01  5.67943833e-07 
 5.90000000e-01  5.90000000e-01  5.90000000e-01  7.46201361e-07 
 6.00000000e-01  6.00000000e-01  6.00000000e-01  9.72175857e-07 
 6.10000000e-01  6.10000000e-01  6.10000000e-01  1.25416289e-06 
 6.20000000e-01  6.20000000e-01  6.20000000e-01  1.59964629e-06 
 6.30000000e-01  6.30000000e-01  6.30000000e-01  2.01432020e-06 
 6.40000000e-01  6.40000000e-01  6.40000000e-01  2.50121609e-06 
 6.50000000e-01  6.50000000e-01  6.50000000e-01  3.06015920e-06 
 6.60000000e-01  6.60000000e-01  6.60000000e-01  3.68768473e-06 
 6.70000000e-01  6.70000000e-01  6.70000000e-01  4.37740567e-06 
 6.80000000e-01  6.80000000e-01  6.80000000e-01  5.12071179e-06 
 6.90000000e-01  6.90000000e-01  6.90000000e-01  5.90763098e-06 
 7.00000000e-01  7.00000000e-01  7.00000000e-01  6.72769291e-06 
 7.10000000e-01  7.10000000e-01  7.10000000e-01  7.57067789e-06 
 7.20000000e-01  7.20000000e-01  7.20000000e-01  8.42718517e-06 
 7.30000000e-01  7.30000000e-01  7.30000000e-01  9.28900130e-06 
 7.40000000e-01  7.40000000e-01  7.40000000e-01  1.01492834e-05 
 7.50000000e-01  7.50000000e-01  7.50000000e-01  1.10025915e-05 
 7.60000000e-01  7.60000000e-01  7.60000000e-01  1.18448124e-05 
 7.70000000e-01  7.70000000e-01  7.70000000e-01  1.26730147e-05 
 7.80000000e-01  7.80000000e-01  7.80000000e-01  1.34852712e-05 
 7.90000000e-01  7.90000000e-01  7.90000000e-01  1.42804723e-05 
 8.00000000e-01  8.00000000e-01  8.00000000e-01  1.50581486e-05 
 8.10000000e-01  8.10000000e-01  8.10000000e-01  1.58183127e-05 
 8.20000000e-01  8.20000000e-01  8.20000000e-01  1.65613251e-05 
 8.30000000e-01  8.30000000e-01  8.30000000e-01  1.72877835e-05 
 8.40000000e-01  8.40000000e-01  8.40000000e-01  1.79984361e-05 
 8.50000000e-01  8.50000000e-01  8.50000000e-01  1.86941149e-05 
 8.60000000e-01  8.60000000e-01  8.60000000e-01  1.93756859e-05 
 8.70000000e-01  8.70000000e-01  8.70000000e-01  2.00440136e-05 
 8.80000000e-01  8.80000000e-01  8.80000000e-01  2.06999362e-05 
 8.90000000e-01  8.90000000e-01  8.90000000e-01  2.13442498e-05 
 9.00000000e-01  9.00000000e-01  9.00000000e-01  2.19776989e-05 
 9.10000000e-01  9.10000000e-01  9.10000000e-01  2.26009708e-05 
 9.20000000e-01  9.20000000e-01  9.20000000e-01  2.32146951e-05 
 9.30000000e-01  9.30000000e-01  9.30000000e-01  2.38194436e-05 
 9.40000000e-01  9.40000000e-01  9.40000000e-01  2.44157332e-05 
 9.50000000e-01  9.50000000e-01  9.50000000e-01  2.50040292e-05 
 9.60000000e-01  9.60000000e-01  9.60000000e-01  2.55847490e-05 
 9.70000000e-01  9.70000000e-01  9.70000000e-01  2.61582662e-05 
 9.80000000e-01  9.80000000e-01  9.80000000e-01  2.67249152e-05 
 9.90000000e-01  9.90000000e-01  9.90000000e-01  2.72849944e-05 
 1.00000000e+00  1.00000000e+00  1.00000000e+00  2.78387709e-05 
 1.01000000e+00  1.01000000e+00  1.01000000e+00  2.83864835e-05 
 1.02000000e+00  1.02000000e+00  1.02000000e+00  2.89283459e-05 
 1.03000000e+00  1.03000000e+00  1.03000000e+00  2.94645501e-05 
 1.04000000e+00  1.04000000e+00  1.04000000e+00  2.99952686e-05 
 1.05000000e+00  1.05000000e+00  1.05000000e+00  3.05206571e-05 
 1.06000000e+00  1.06000000e+00  1.06000000e+00  3.10408565e-05 
 1.07000000e+00  1.07000000e+00  1.07000000e+00  3.15559946e-05 
 1.08000000e+00  1.08000000e+00  1.08000000e+00  3.20661881e-05 
 1.09000000e+00  1.09000000e+00  1.09000000e+00  3.25715436e-05 
 1.10000000e+00  1.10000000e+00  1.10000000e+00  3.30721592e-05 
 1.11000000e+00  1.11000000e+00  1.11000000e+00  3.35681255e-05 
 1.12000000e+00  1.12000000e+00  1.12000000e+00  3.40595267e-05 
 1.13000000e+00  1.13000000e+00  1.13000000e+00  3.45464409e-05 
 1.14000000e+00  1.14000000e+00  1.14000000e+00  3.50289415e-05 
 1.15000000e+00  1.15000000e+00  1.15000000e+00  3.55070974e-05 
 1.16000000e+00  1.16000000e+00  1.16000000e+00  3.59809737e-05 
 1.17000000e+00  1.17000000e+00  1.17000000e+00  3.64506321e-05 
 1.18000000e+00  1.18000000e+00  1.18000000e+00  3.69161312e-05 
 1.19000000e+00  1.19000000e+00  1.19000000e+00  3.73775272e-05 
 1.20000000e+00  1.20000000e+00  1.20000000e+00  3.78348738e-05 
