 0.00000000e+00  0.00000000e+00  0.00000000e+00  3.60306813e-16 
 1.00000000e-02  1.00000000e-02  1.00000000e-02  4.86241812e-16 
 2.00000000e-02  2.00000000e-02  2.00000000e-02  7.24873434e-16 
 3.00000000e-02  3.00000000e-02  3.00000000e-02  1.02814950e-15 
 4.00000000e-02  4.00000000e-02  4.00000000e-02  1.45830951e-15 
 5.00000000e-02  5.00000000e-02  5.00000000e-02  2.06843739e-15 
 6.00000000e-02  6.00000000e-02  6.00000000e-02  2.93382452e-15 
 7.00000000e-02  7.00000000e-02  7.00000000e-02  4.16125950e-15 
 8.00000000e-02  8.00000000e-02  8.00000000e-02  5.90220333e-15 
 9.00000000e-02  9.00000000e-02  9.00000000e-02  8.37147506e-15 
 1.00000000e-01  1.00000000e-01  1.00000000e-01  1.18737518e-14 
 1.10000000e-01  1.10000000e-01  1.10000000e-01  1.68411504e-14 
 1.20000000e-01  1.20000000e-01  1.20000000e-01  2.38865226e-14 
 1.30000000e-01  1.30000000e-01  1.30000000e-01  3.38790322e-14 
 1.40000000e-01  1.40000000e-01  1.40000000e-01  4.80513241e-14 
 1.50000000e-01  1.50000000e-01  1.50000000e-01  6.81514835e-14 
 1.60000000e-01  1.60000000e-01  1.60000000e-01  9.66584928e-14 
 1.70000000e-01  1.70000000e-01  1.70000000e-01  1.37087694e-13 
 1.80000000e-01  1.80000000e-01  1.80000000e-01  1.94423825e-13 
 1.90000000e-01  1.90000000e-01  1.90000000e-01  2.75734834e-13 
 2.00000000e-01  2.00000000e-01  2.00000000e-01  3.91041848e-13 
 2.10000000e-01  2.10000000e-01  2.10000000e-01  5.54552009e-13 
 2.20000000e-01  2.20000000e-01  2.20000000e-01  7.86405212e-13 
 2.30000000e-01  2.30000000e-01  2.30000000e-01  1.11514848e-12 
 2.40000000e-01  2.40000000e-01  2.40000000e-01  1.58124019e-12 
 2.50000000e-01  2.50000000e-01  2.50000000e-01  2.24201135e-12 
 2.60000000e-01  2.60000000e-01  2.60000000e-01  3.17868734e-12 
 2.70000000e-01  2.70000000e-01  2.70000000e-01  4.50632168e-12 
 2.80000000e-01  2.80000000e-01  2.80000000e-01  6.38784261e-12 
 2.90000000e-01  2.90000000e-01  2.90000000e-01  9.05390376e-12 
 3.00000000e-01  3.00000000e-01  3.00000000e-01  1.28309176e-11 
 3.10000000e-01  3.10000000e-01  3.10000000e-01  1.81806125e-11 
 3.20000000e-01  3.20000000e-01  3.20000000e-01  2.57557959e-11 
 3.30000000e-01  3.30000000e-01  3.30000000e-01  3.64788720e-11 
 3.40000000e-01  3.40000000e-01  3.40000000e-01  5.16522507e-11 
 3.50000000e-01  3.50000000e-01  3.50000000e-01  7.31133484e-11 
 3.60000000e-01  3.60000000e-01  3.60000000e-01  1.03451782e-10 
 3.70000000e-01  3.70000000e-01  3.70000000e-01  1.46313029e-10 
 3.80000000e-01  3.80000000e-01  3.80000000e-01  2.06821879e-10 
 3.90000000e-01  3.90000000e-01  3.90000000e-01  2.92171116e-10 
 4.00000000e-01  4.00000000e-01  4.00000000e-01  4.12437029e-10 
 4.10000000e-01  4.10000000e-01  4.10000000e-01  5.81704484e-10 
 4.20000000e-01  4.20000000e-01  4.20000000e-01  8.19611763e-10 
 4.30000000e-01  4.30000000e-01  4.30000000e-01  1.15346036e-09 
 4.40000000e-01  4.40000000e-01  4.40000000e-01  1.62107877e-09 
 4.50000000e-01  4.50000000e-01  4.50000000e-01  2.27468354e-09 
 4.60000000e-01  4.60000000e-01  4.60000000e-01  3.18604593e-09 
 4.70000000e-01  4.70000000e-01  4.70000000e-01  4.45335107e-09 
 4.80000000e-01  4.80000000e-01  4.80000000e-01  6.21022821e-09 
 4.90000000e-01  4.90000000e-01  4.90000000e-01  8.63754068e-09 
 5.00000000e-01  5.00000000e-01  5.00000000e-01  1.19786559e-08 
 5.10000000e-01  5.10000000e-01  5.10000000e-01  1.65590785e-08 
 5.20000000e-01  5.20000000e-01  5.20000000e-01  2.28115281e-08 
 5.30000000e-01  5.30000000e-01  5.30000000e-01  3.13077735e-08 
 5.40000000e-01  5.40000000e-01  5.40000000e-01  4.27987411e-08 
 5.50000000e-01  5.50000000e-01  5.50000000e-01  5.82644350e-08 
 5.60000000e-01  5.60000000e-01  5.60000000e-01  7.89746905e-08 
 5.70000000e-01  5.70000000e-01  5.70000000e-01  1.06560049e-07 
 5.80000000e-01  5.80000000e-01  5.80000000e-01  1.43088138e-07 
 5.90000000e-01  5.90000000e-01  5.90000000e-01  1.91133814e-07 
 6.00000000e-01  6.00000000e-01  6.00000000e-01  2.53820760e-07 
 6.10000000e-01  6.10000000e-01  6.10000000e-01  3.34800278e-07 
 6.20000000e-01  6.20000000e-01  6.20000000e-01  4.38125996e-07 
 6.30000000e-01  6.30000000e-01  6.30000000e-01  5.67991328e-07 
 6.40000000e-01  6.40000000e-01  6.40000000e-01  7.28329025e-07 
 6.50000000e-01  6.50000000e-01  6.50000000e-01  9.22325694e-07 
 6.60000000e-01  6.60000000e-01  6.60000000e-01  1.15195520e-06 
 6.70000000e-01  6.70000000e-01  6.70000000e-01  1.41764979e-06 
 6.80000000e-01  6.80000000e-01  6.80000000e-01  1.71819127e-06 
 6.90000000e-01  6.90000000e-01  6.90000000e-01  2.05083615e-06 
 7.00000000e-01  7.00000000e-01  7.00000000e-01  2.41162558e-06 
 7.10000000e-01  7.10000000e-01  7.10000000e-01  2.79579834e-06 
 7.20000000e-01  7.20000000e-01  7.20000000e-01  3.19822421e-06 
 7.30000000e-01  7.30000000e-01  7.30000000e-01  3.61379345e-06 
 7.40000000e-01  7.40000000e-01  7.40000000e-01  4.03772396e-06 
 7.50000000e-01  7.50000000e-01  7.50000000e-01  4.46577088e-06 
 7.60000000e-01  7.60000000e-01  7.60000000e-01  4.89434227e-06 
 7.70000000e-01  7.70000000e-01  7.70000000e-01  5.32053548e-06 
 7.80000000e-01  7.80000000e-01  7.80000000e-01  5.74211409e-06 
 7.90000000e-01  7.90000000e-01  7.90000000e-01  6.15744590e-06 
 8.00000000e-01  8.00000000e-01  8.00000000e-01  6.56541965e-06 
 8.10000000e-01  8.10000000e-01  8.10000000e-01  6.96535423e-06 
 8.20000000e-01  8.20000000e-01  8.20000000e-01  7.35691010e-06 
 8.30000000e-01  8.30000000e-01  8.30000000e-01  7.74000872e-06 
 8.40000000e-01  8.40000000e-01  8.40000000e-01  8.11476295e-06 
 8.50000000e-01  8.50000000e-01  8.50000000e-01  8.48141943e-06 
 8.60000000e-01  8.60000000e-01  8.60000000e-01  8.84031238e-06 
 8.70000000e-01  8.70000000e-01  8.70000000e-01  9.19182786e-06 
 8.80000000e-01  8.80000000e-01  8.80000000e-01  9.53637680e-06 
 8.90000000e-01  8.90000000e-01  8.90000000e-01  9.87437540e-06 
 9.00000000e-01  9.00000000e-01  9.00000000e-01  1.02062314e-05 
 9.10000000e-01  9.10000000e-01  9.10000000e-01  1.05323347e-05 
 9.20000000e-01  9.20000000e-01  9.20000000e-01  1.08530519e-05 
 9.30000000e-01  9.30000000e-01  9.30000000e-01  1.11687229e-05 
 9.40000000e-01  9.40000000e-01  9.40000000e-01  1.14796597e-05 
 9.50000000e-01  9.50000000e-01  9.50000000e-01  1.17861463e-05 
 9.60000000e-01  9.60000000e-01  9.60000000e-01  1.20884397e-05 
 9.70000000e-01  9.70000000e-01  9.70000000e-01  1.23867713e-05 
 9.80000000e-01  9.80000000e-01  9.80000000e-01  1.26813488e-05 
 9.90000000e-01  9.90000000e-01  9.90000000e-01  1.29723579e-05 
 1.00000000e+00  1.00000000e+00  1.00000000e+00  1.32599646e-05 
 1.01000000e+00  1.01000000e+00  1.01000000e+00  1.35443169e-05 
 1.02000000e+00  1.02000000e+00  1.02000000e+00  1.38255470e-05 
 1.03000000e+00  1.03000000e+00  1.03000000e+00  1.41037728e-05 
 1.04000000e+00  1.04000000e+00  1.04000000e+00  1.43790996e-05 
 1.05000000e+00  1.05000000e+00  1.05000000e+00  1.46516217e-05 
 1.06000000e+00  1.06000000e+00  1.06000000e+00  1.49214237e-05 
 1.07000000e+00  1.07000000e+00  1.07000000e+00  1.51885814e-05 
 1.08000000e+00  1.08000000e+00  1.08000000e+00  1.54531634e-05 
 1.09000000e+00  1.09000000e+00  1.09000000e+00  1.57152317e-05 
 1.10000000e+00  1.10000000e+00  1.10000000e+00  1.59748425e-05 
 1.11000000e+00  1.11000000e+00  1.11000000e+00  1.62320473e-05 
 1.12000000e+00  1.12000000e+00  1.12000000e+00  1.64868931e-05 
 1.13000000e+00  1.13000000e+00  1.13000000e+00  1.67394231e-05 
 1.14000000e+00  1.14000000e+00  1.14000000e+00  1.69896774e-05 
 1.15000000e+00  1.15000000e+00  1.15000000e+00  1.72376933e-05 
 1.16000000e+00  1.16000000e+00  1.16000000e+00  1.74835054e-05 
 1.17000000e+00  1.17000000e+00  1.17000000e+00  1.77271464e-05 
 1.18000000e+00  1.18000000e+00  1.18000000e+00  1.79686469e-05 
 1.19000000e+00  1.19000000e+00  1.19000000e+00  1.82080360e-05 
 1.20000000e+00  1.20000000e+00  1.20000000e+00  1.84453414e-05 
