 0.00000000e+00  0.00000000e+00  0.00000000e+00 -3.74734157e-17 
-1.00000000e-02 -1.00000000e-02 -1.00000000e-02 -5.05704816e-17 
-2.00000000e-02 -2.00000000e-02 -2.00000000e-02 -7.53870448e-17 
-3.00000000e-02 -3.00000000e-02 -3.00000000e-02 -1.06925834e-16 
-4.00000000e-02 -4.00000000e-02 -4.00000000e-02 -1.51658902e-16 
-5.00000000e-02 -5.00000000e-02 -5.00000000e-02 -2.15105923e-16 
-6.00000000e-02 -6.00000000e-02 -6.00000000e-02 -3.05095561e-16 
-7.00000000e-02 -7.00000000e-02 -7.00000000e-02 -4.32731277e-16 
-8.00000000e-02 -8.00000000e-02 -8.00000000e-02 -6.13761070e-16 
-9.00000000e-02 -9.00000000e-02 -9.00000000e-02 -8.70520084e-16 
-1.00000000e-01 -1.00000000e-01 -1.00000000e-01 -1.23468553e-15 
-1.10000000e-01 -1.10000000e-01 -1.10000000e-01 -1.75118348e-15 
-1.20000000e-01 -1.20000000e-01 -1.20000000e-01 -2.48372924e-15 
-1.30000000e-01 -1.30000000e-01 -1.30000000e-01 -3.52268366e-15 
-1.40000000e-01 -1.40000000e-01 -1.40000000e-01 -4.99619307e-15 
-1.50000000e-01 -1.50000000e-01 -1.50000000e-01 -7.08598503e-15 
-1.60000000e-01 -1.60000000e-01 -1.60000000e-01 -1.00497633e-14 
-1.70000000e-01 -1.70000000e-01 -1.70000000e-01 -1.42529572e-14 
-1.80000000e-01 -1.80000000e-01 -1.80000000e-01 -2.02137297e-14 
-1.90000000e-01 -1.90000000e-01 -1.90000000e-01 -2.86667712e-14 
-2.00000000e-01 -2.00000000e-01 -2.00000000e-01 -4.06537130e-14 
-2.10000000e-01 -2.10000000e-01 -2.10000000e-01 -5.76512468e-14 
-2.20000000e-01 -2.20000000e-01 -2.20000000e-01 -8.17526366e-14 
-2.30000000e-01 -2.30000000e-01 -2.30000000e-01 -1.15924833e-13 
-2.40000000e-01 -2.40000000e-01 -2.40000000e-01 -1.64372572e-13 
-2.50000000e-01 -2.50000000e-01 -2.50000000e-01 -2.33053832e-13 
-2.60000000e-01 -2.60000000e-01 -2.60000000e-01 -3.30409285e-13 
-2.70000000e-01 -2.70000000e-01 -2.70000000e-01 -4.68394177e-13 
-2.80000000e-01 -2.80000000e-01 -2.80000000e-01 -6.63937264e-13 
-2.90000000e-01 -2.90000000e-01 -2.90000000e-01 -9.41002296e-13 
-3.00000000e-01 -3.00000000e-01 -3.00000000e-01 -1.33349884e-12 
-3.10000000e-01 -3.10000000e-01 -3.10000000e-01 -1.88938892e-12 
-3.20000000e-01 -3.20000000e-01 -3.20000000e-01 -2.67647490e-12 
-3.30000000e-01 -3.30000000e-01 -3.30000000e-01 -3.79054724e-12 
-3.40000000e-01 -3.40000000e-01 -3.40000000e-01 -5.36683819e-12 
-3.50000000e-01 -3.50000000e-01 -3.50000000e-01 -7.59609681e-12 
-3.60000000e-01 -3.60000000e-01 -3.60000000e-01 -1.07471045e-11 
-3.70000000e-01 -3.70000000e-01 -3.70000000e-01 -1.51981417e-11 
-3.80000000e-01 -3.80000000e-01 -3.80000000e-01 -2.14808442e-11 
-3.90000000e-01 -3.90000000e-01 -3.90000000e-01 -3.03411385e-11 
-4.00000000e-01 -4.00000000e-01 -4.00000000e-01 -4.28235949e-11 
-4.10000000e-01 -4.10000000e-01 -4.10000000e-01 -6.03877134e-11 
-4.20000000e-01 -4.20000000e-01 -4.20000000e-01 -8.50674375e-11 
-4.30000000e-01 -4.30000000e-01 -4.30000000e-01 -1.19688766e-10 
-4.40000000e-01 -4.40000000e-01 -4.40000000e-01 -1.68164717e-10 
-4.50000000e-01 -4.50000000e-01 -4.50000000e-01 -2.35892343e-10 
-4.60000000e-01 -4.60000000e-01 -4.60000000e-01 -3.30282807e-10 
-4.70000000e-01 -4.70000000e-01 -4.70000000e-01 -4.61463060e-10 
-4.80000000e-01 -4.80000000e-01 -4.80000000e-01 -6.43195989e-10 
-4.90000000e-01 -4.90000000e-01 -4.90000000e-01 -8.94075210e-10 
-5.00000000e-01 -5.00000000e-01 -5.00000000e-01 -1.23906110e-09 
-5.10000000e-01 -5.10000000e-01 -5.10000000e-01 -1.71143611e-09 
-5.20000000e-01 -5.20000000e-01 -5.20000000e-01 -2.35527131e-09 
-5.30000000e-01 -5.30000000e-01 -5.30000000e-01 -3.22851335e-09 
-5.40000000e-01 -5.40000000e-01 -5.40000000e-01 -4.40682529e-09 
-5.50000000e-01 -5.50000000e-01 -5.50000000e-01 -5.98834857e-09 
-5.60000000e-01 -5.60000000e-01 -5.60000000e-01 -8.09960294e-09 
-5.70000000e-01 -5.70000000e-01 -5.70000000e-01 -1.09028130e-08 
-5.80000000e-01 -5.80000000e-01 -5.80000000e-01 -1.46050481e-08 
-5.90000000e-01 -5.90000000e-01 -5.90000000e-01 -1.94697030e-08 
-6.00000000e-01 -6.00000000e-01 -6.00000000e-01 -2.58310291e-08 
-6.10000000e-01 -6.10000000e-01 -6.10000000e-01 -3.41126727e-08 
-6.20000000e-01 -6.20000000e-01 -6.20000000e-01 -4.48514939e-08 
-6.30000000e-01 -6.30000000e-01 -6.30000000e-01 -5.87283316e-08 
-6.40000000e-01 -6.40000000e-01 -6.40000000e-01 -7.66078395e-08 
-6.50000000e-01 -6.50000000e-01 -6.50000000e-01 -9.95900094e-08 
-6.60000000e-01 -6.60000000e-01 -6.60000000e-01 -1.29076362e-07 
-6.70000000e-01 -6.70000000e-01 -6.70000000e-01 -1.66853802e-07 
-6.80000000e-01 -6.80000000e-01 -6.80000000e-01 -2.15198298e-07 
-6.90000000e-01 -6.90000000e-01 -6.90000000e-01 -2.76998117e-07 
-7.00000000e-01 -7.00000000e-01 -7.00000000e-01 -3.55891136e-07 
-7.10000000e-01 -7.10000000e-01 -7.10000000e-01 -4.56401913e-07 
-7.20000000e-01 -7.20000000e-01 -7.20000000e-01 -5.84050874e-07 
-7.30000000e-01 -7.30000000e-01 -7.30000000e-01 -7.45392450e-07 
-7.40000000e-01 -7.40000000e-01 -7.40000000e-01 -9.47926573e-07 
-7.50000000e-01 -7.50000000e-01 -7.50000000e-01 -1.19982901e-06 
-7.60000000e-01 -7.60000000e-01 -7.60000000e-01 -1.50947050e-06 
-7.70000000e-01 -7.70000000e-01 -7.70000000e-01 -1.88474357e-06 
-7.80000000e-01 -7.80000000e-01 -7.80000000e-01 -2.33227357e-06 
-7.90000000e-01 -7.90000000e-01 -7.90000000e-01 -2.85663108e-06 
-8.00000000e-01 -8.00000000e-01 -8.00000000e-01 -3.45966972e-06 
-8.10000000e-01 -8.10000000e-01 -8.10000000e-01 -4.14008975e-06 
-8.20000000e-01 -8.20000000e-01 -8.20000000e-01 -4.89329076e-06 
-8.30000000e-01 -8.30000000e-01 -8.30000000e-01 -5.71153723e-06 
-8.40000000e-01 -8.40000000e-01 -8.40000000e-01 -6.58442111e-06 
-8.50000000e-01 -8.50000000e-01 -8.50000000e-01 -7.49956808e-06 
-8.60000000e-01 -8.60000000e-01 -8.60000000e-01 -8.44349934e-06 
-8.70000000e-01 -8.70000000e-01 -8.70000000e-01 -9.40254165e-06 
-8.80000000e-01 -8.80000000e-01 -8.80000000e-01 -1.03636739e-05 
-8.90000000e-01 -8.90000000e-01 -8.90000000e-01 -1.13152197e-05 
-9.00000000e-01 -9.00000000e-01 -9.00000000e-01 -1.22473287e-05 
-9.10000000e-01 -9.10000000e-01 -9.10000000e-01 -1.31522298e-05 
-9.20000000e-01 -9.20000000e-01 -9.20000000e-01 -1.40242731e-05 
-9.30000000e-01 -9.30000000e-01 -9.30000000e-01 -1.48598051e-05 
-9.40000000e-01 -9.40000000e-01 -9.40000000e-01 -1.56569281e-05 
-9.50000000e-01 -9.50000000e-01 -9.50000000e-01 -1.64151992e-05 
-9.60000000e-01 -9.60000000e-01 -9.60000000e-01 -1.71353112e-05 
-9.70000000e-01 -9.70000000e-01 -9.70000000e-01 -1.78187891e-05 
-9.80000000e-01 -9.80000000e-01 -9.80000000e-01 -1.84677208e-05 
-9.90000000e-01 -9.90000000e-01 -9.90000000e-01 -1.90845338e-05 
-1.00000000e+00 -1.00000000e+00 -1.00000000e+00 -1.96718175e-05 
-1.01000000e+00 -1.01000000e+00 -1.01000000e+00 -2.02321896e-05 
-1.02000000e+00 -1.02000000e+00 -1.02000000e+00 -2.07682015e-05 
-1.03000000e+00 -1.03000000e+00 -1.03000000e+00 -2.12822734e-05 
-1.04000000e+00 -1.04000000e+00 -1.04000000e+00 -2.17766560e-05 
-1.05000000e+00 -1.05000000e+00 -1.05000000e+00 -2.22534093e-05 
-1.06000000e+00 -1.06000000e+00 -1.06000000e+00 -2.27143963e-05 
-1.07000000e+00 -1.07000000e+00 -1.07000000e+00 -2.31612845e-05 
-1.08000000e+00 -1.08000000e+00 -1.08000000e+00 -2.35955563e-05 
-1.09000000e+00 -1.09000000e+00 -1.09000000e+00 -2.40185194e-05 
-1.10000000e+00 -1.10000000e+00 -1.10000000e+00 -2.44313224e-05 
-1.11000000e+00 -1.11000000e+00 -1.11000000e+00 -2.48349704e-05 
-1.12000000e+00 -1.12000000e+00 -1.12000000e+00 -2.52303394e-05 
-1.13000000e+00 -1.13000000e+00 -1.13000000e+00 -2.56181914e-05 
-1.14000000e+00 -1.14000000e+00 -1.14000000e+00 -2.59991876e-05 
-1.15000000e+00 -1.15000000e+00 -1.15000000e+00 -2.63739012e-05 
-1.16000000e+00 -1.16000000e+00 -1.16000000e+00 -2.67428291e-05 
-1.17000000e+00 -1.17000000e+00 -1.17000000e+00 -2.71064006e-05 
-1.18000000e+00 -1.18000000e+00 -1.18000000e+00 -2.74649884e-05 
-1.19000000e+00 -1.19000000e+00 -1.19000000e+00 -2.78189144e-05 
-1.20000000e+00 -1.20000000e+00 -1.20000000e+00 -2.81684584e-05 
