 0.00000000e+00  0.00000000e+00  0.00000000e+00 -9.01126474e-19 
-1.00000000e-02 -1.00000000e-02 -1.00000000e-02 -1.21611368e-18 
-2.00000000e-02 -2.00000000e-02 -2.00000000e-02 -1.81300449e-18 
-3.00000000e-02 -3.00000000e-02 -3.00000000e-02 -2.57160861e-18 
-4.00000000e-02 -4.00000000e-02 -4.00000000e-02 -3.64762659e-18 
-5.00000000e-02 -5.00000000e-02 -5.00000000e-02 -5.17386744e-18 
-6.00000000e-02 -6.00000000e-02 -6.00000000e-02 -7.33870683e-18 
-7.00000000e-02 -7.00000000e-02 -7.00000000e-02 -1.04093344e-17 
-8.00000000e-02 -8.00000000e-02 -8.00000000e-02 -1.47647266e-17 
-9.00000000e-02 -9.00000000e-02 -9.00000000e-02 -2.09424119e-17 
-1.00000000e-01 -1.00000000e-01 -1.00000000e-01 -2.97047980e-17 
-1.10000000e-01 -1.10000000e-01 -1.10000000e-01 -4.21332404e-17 
-1.20000000e-01 -1.20000000e-01 -1.20000000e-01 -5.97614553e-17 
-1.30000000e-01 -1.30000000e-01 -1.30000000e-01 -8.47647204e-17 
-1.40000000e-01 -1.40000000e-01 -1.40000000e-01 -1.20228194e-16 
-1.50000000e-01 -1.50000000e-01 -1.50000000e-01 -1.70527412e-16 
-1.60000000e-01 -1.60000000e-01 -1.60000000e-01 -2.41867848e-16 
-1.70000000e-01 -1.70000000e-01 -1.70000000e-01 -3.43049973e-16 
-1.80000000e-01 -1.80000000e-01 -1.80000000e-01 -4.86554004e-16 
-1.90000000e-01 -1.90000000e-01 -1.90000000e-01 -6.90077806e-16 
-2.00000000e-01 -2.00000000e-01 -2.00000000e-01 -9.78717039e-16 
-2.10000000e-01 -2.10000000e-01 -2.10000000e-01 -1.38805543e-15 
-2.20000000e-01 -2.20000000e-01 -2.20000000e-01 -1.96854455e-15 
-2.30000000e-01 -2.30000000e-01 -2.30000000e-01 -2.79171012e-15 
-2.40000000e-01 -2.40000000e-01 -2.40000000e-01 -3.95894525e-15 
-2.50000000e-01 -2.50000000e-01 -2.50000000e-01 -5.61396558e-15 
-2.60000000e-01 -2.60000000e-01 -2.60000000e-01 -7.96044737e-15 
-2.70000000e-01 -2.70000000e-01 -2.70000000e-01 -1.12869973e-14 
-2.80000000e-01 -2.80000000e-01 -2.80000000e-01 -1.60024876e-14 
-2.90000000e-01 -2.90000000e-01 -2.90000000e-01 -2.26860395e-14 
-3.00000000e-01 -3.00000000e-01 -3.00000000e-01 -3.21576890e-14 
-3.10000000e-01 -3.10000000e-01 -3.10000000e-01 -4.55782291e-14 
-3.20000000e-01 -3.20000000e-01 -3.20000000e-01 -6.45901770e-14 
-3.30000000e-01 -3.30000000e-01 -3.30000000e-01 -9.15166273e-14 
-3.40000000e-01 -3.40000000e-01 -3.40000000e-01 -1.29641472e-13 
-3.50000000e-01 -3.50000000e-01 -3.50000000e-01 -1.83603804e-13 
-3.60000000e-01 -3.60000000e-01 -3.60000000e-01 -2.59952218e-13 
-3.70000000e-01 -3.70000000e-01 -3.70000000e-01 -3.67922546e-13 
-3.80000000e-01 -3.80000000e-01 -3.80000000e-01 -5.20526852e-13 
-3.90000000e-01 -3.90000000e-01 -3.90000000e-01 -7.36074712e-13 
-4.00000000e-01 -4.00000000e-01 -4.00000000e-01 -1.04029255e-12 
-4.10000000e-01 -4.10000000e-01 -4.10000000e-01 -1.46926663e-12 
-4.20000000e-01 -4.20000000e-01 -4.20000000e-01 -2.07351445e-12 
-4.30000000e-01 -4.30000000e-01 -4.30000000e-01 -2.92359311e-12 
-4.40000000e-01 -4.40000000e-01 -4.40000000e-01 -4.11778601e-12 
-4.50000000e-01 -4.50000000e-01 -4.50000000e-01 -5.79257871e-12 
-4.60000000e-01 -4.60000000e-01 -4.60000000e-01 -8.13684337e-12 
-4.70000000e-01 -4.70000000e-01 -4.70000000e-01 -1.14109060e-11 
-4.80000000e-01 -4.80000000e-01 -4.80000000e-01 -1.59719728e-11 
-4.90000000e-01 -4.90000000e-01 -4.90000000e-01 -2.23077397e-11 
-5.00000000e-01 -5.00000000e-01 -5.00000000e-01 -3.10804035e-11 
-5.10000000e-01 -5.10000000e-01 -5.10000000e-01 -4.31837348e-11 
-5.20000000e-01 -5.20000000e-01 -5.20000000e-01 -5.98163643e-11 
-5.30000000e-01 -5.30000000e-01 -5.30000000e-01 -8.25749920e-11 
-5.40000000e-01 -5.40000000e-01 -5.40000000e-01 -1.13571933e-10 
-5.50000000e-01 -5.50000000e-01 -5.50000000e-01 -1.55582279e-10 
-5.60000000e-01 -5.60000000e-01 -5.60000000e-01 -2.12227267e-10 
-5.70000000e-01 -5.70000000e-01 -5.70000000e-01 -2.88202213e-10 
-5.80000000e-01 -5.80000000e-01 -5.80000000e-01 -3.89560075e-10 
-5.90000000e-01 -5.90000000e-01 -5.90000000e-01 -5.24065541e-10 
-6.00000000e-01 -6.00000000e-01 -6.00000000e-01 -7.01640031e-10 
-6.10000000e-01 -6.10000000e-01 -6.10000000e-01 -9.34925490e-10 
-6.20000000e-01 -6.20000000e-01 -6.20000000e-01 -1.24000534e-09 
-6.30000000e-01 -6.30000000e-01 -6.30000000e-01 -1.63733468e-09 
-6.40000000e-01 -6.40000000e-01 -6.40000000e-01 -2.15295009e-09 
-6.50000000e-01 -6.50000000e-01 -6.50000000e-01 -2.82005261e-09 
-6.60000000e-01 -6.60000000e-01 -6.60000000e-01 -3.68108540e-09 
-6.70000000e-01 -6.70000000e-01 -6.70000000e-01 -4.79045820e-09 
-6.80000000e-01 -6.80000000e-01 -6.80000000e-01 -6.21809768e-09 
-6.90000000e-01 -6.90000000e-01 -6.90000000e-01 -8.05401294e-09 
-7.00000000e-01 -7.00000000e-01 -7.00000000e-01 -1.04140318e-08 
-7.10000000e-01 -7.10000000e-01 -7.10000000e-01 -1.34467438e-08 
-7.20000000e-01 -7.20000000e-01 -7.20000000e-01 -1.73414139e-08 
-7.30000000e-01 -7.30000000e-01 -7.30000000e-01 -2.23361386e-08 
-7.40000000e-01 -7.40000000e-01 -7.40000000e-01 -2.87247457e-08 
-7.50000000e-01 -7.50000000e-01 -7.50000000e-01 -3.68599775e-08 
-7.60000000e-01 -7.60000000e-01 -7.60000000e-01 -4.71496367e-08 
-7.70000000e-01 -7.70000000e-01 -7.70000000e-01 -6.00422706e-08 
-7.80000000e-01 -7.80000000e-01 -7.80000000e-01 -7.60003208e-08 
-7.90000000e-01 -7.90000000e-01 -7.90000000e-01 -9.54617489e-08 
-8.00000000e-01 -8.00000000e-01 -8.00000000e-01 -1.18794928e-07 
-8.10000000e-01 -8.10000000e-01 -8.10000000e-01 -1.46254217e-07 
-8.20000000e-01 -8.20000000e-01 -8.20000000e-01 -1.77943714e-07 
-8.30000000e-01 -8.30000000e-01 -8.30000000e-01 -2.13794659e-07 
-8.40000000e-01 -8.40000000e-01 -8.40000000e-01 -2.53559233e-07 
-8.50000000e-01 -8.50000000e-01 -8.50000000e-01 -2.96821247e-07 
-8.60000000e-01 -8.60000000e-01 -8.60000000e-01 -3.43022314e-07 
-8.70000000e-01 -8.70000000e-01 -8.70000000e-01 -3.91500449e-07 
-8.80000000e-01 -8.80000000e-01 -8.80000000e-01 -4.41536423e-07 
-8.90000000e-01 -8.90000000e-01 -8.90000000e-01 -4.92402210e-07 
-9.00000000e-01 -9.00000000e-01 -9.00000000e-01 -5.43405820e-07 
-9.10000000e-01 -9.10000000e-01 -9.10000000e-01 -5.93927734e-07 
-9.20000000e-01 -9.20000000e-01 -9.20000000e-01 -6.43446033e-07 
-9.30000000e-01 -9.30000000e-01 -9.30000000e-01 -6.91549404e-07 
-9.40000000e-01 -9.40000000e-01 -9.40000000e-01 -7.37939027e-07 
-9.50000000e-01 -9.50000000e-01 -9.50000000e-01 -7.82421626e-07 
-9.60000000e-01 -9.60000000e-01 -9.60000000e-01 -8.24896610e-07 
-9.70000000e-01 -9.70000000e-01 -9.70000000e-01 -8.65340018e-07 
-9.80000000e-01 -9.80000000e-01 -9.80000000e-01 -9.03787579e-07 
-9.90000000e-01 -9.90000000e-01 -9.90000000e-01 -9.40318757e-07 
-1.00000000e+00 -1.00000000e+00 -1.00000000e+00 -9.75042541e-07 
-1.01000000e+00 -1.01000000e+00 -1.01000000e+00 -1.00808569e-06 
-1.02000000e+00 -1.02000000e+00 -1.02000000e+00 -1.03958345e-06 
-1.03000000e+00 -1.03000000e+00 -1.03000000e+00 -1.06967258e-06 
-1.04000000e+00 -1.04000000e+00 -1.04000000e+00 -1.09848630e-06 
-1.05000000e+00 -1.05000000e+00 -1.05000000e+00 -1.12615106e-06 
-1.06000000e+00 -1.06000000e+00 -1.06000000e+00 -1.15278439e-06 
-1.07000000e+00 -1.07000000e+00 -1.07000000e+00 -1.17849387e-06 
-1.08000000e+00 -1.08000000e+00 -1.08000000e+00 -1.20337677e-06 
-1.09000000e+00 -1.09000000e+00 -1.09000000e+00 -1.22752016e-06 
-1.10000000e+00 -1.10000000e+00 -1.10000000e+00 -1.25100143e-06 
-1.11000000e+00 -1.11000000e+00 -1.11000000e+00 -1.27388883e-06 
-1.12000000e+00 -1.12000000e+00 -1.12000000e+00 -1.29624231e-06 
-1.13000000e+00 -1.13000000e+00 -1.13000000e+00 -1.31811432e-06 
-1.14000000e+00 -1.14000000e+00 -1.14000000e+00 -1.33955053e-06 
-1.15000000e+00 -1.15000000e+00 -1.15000000e+00 -1.36059069e-06 
-1.16000000e+00 -1.16000000e+00 -1.16000000e+00 -1.38126923e-06 
-1.17000000e+00 -1.17000000e+00 -1.17000000e+00 -1.40161607e-06 
-1.18000000e+00 -1.18000000e+00 -1.18000000e+00 -1.42165700e-06 
-1.19000000e+00 -1.19000000e+00 -1.19000000e+00 -1.44141442e-06 
-1.20000000e+00 -1.20000000e+00 -1.20000000e+00 -1.46090765e-06 
