 0.00000000e+00  0.00000000e+00  0.00000000e+00 -3.61657242e-17 
-1.00000000e-02 -1.00000000e-02 -1.00000000e-02 -4.87558103e-17 
-2.00000000e-02 -2.00000000e-02 -2.00000000e-02 -7.25557275e-17 
-3.00000000e-02 -3.00000000e-02 -3.00000000e-02 -1.02768159e-16 
-4.00000000e-02 -4.00000000e-02 -4.00000000e-02 -1.45561032e-16 
-5.00000000e-02 -5.00000000e-02 -5.00000000e-02 -2.06172760e-16 
-6.00000000e-02 -6.00000000e-02 -6.00000000e-02 -2.92022947e-16 
-7.00000000e-02 -7.00000000e-02 -7.00000000e-02 -4.13620560e-16 
-8.00000000e-02 -8.00000000e-02 -8.00000000e-02 -5.85850220e-16 
-9.00000000e-02 -9.00000000e-02 -9.00000000e-02 -8.29794015e-16 
-1.00000000e-01 -1.00000000e-01 -1.00000000e-01 -1.17531171e-15 
-1.10000000e-01 -1.10000000e-01 -1.10000000e-01 -1.66469518e-15 
-1.20000000e-01 -1.20000000e-01 -1.20000000e-01 -2.35784394e-15 
-1.30000000e-01 -1.30000000e-01 -1.30000000e-01 -3.33959513e-15 
-1.40000000e-01 -1.40000000e-01 -1.40000000e-01 -4.73010432e-15 
-1.50000000e-01 -1.50000000e-01 -1.50000000e-01 -6.69954617e-15 
-1.60000000e-01 -1.60000000e-01 -1.60000000e-01 -9.48893359e-15 
-1.70000000e-01 -1.70000000e-01 -1.70000000e-01 -1.34395980e-14 
-1.80000000e-01 -1.80000000e-01 -1.80000000e-01 -1.90349350e-14 
-1.90000000e-01 -1.90000000e-01 -1.90000000e-01 -2.69595137e-14 
-2.00000000e-01 -2.00000000e-01 -2.00000000e-01 -3.81827674e-14 
-2.10000000e-01 -2.10000000e-01 -2.10000000e-01 -5.40774789e-14 
-2.20000000e-01 -2.20000000e-01 -2.20000000e-01 -7.65875105e-14 
-2.30000000e-01 -2.30000000e-01 -2.30000000e-01 -1.08465226e-13 
-2.40000000e-01 -2.40000000e-01 -2.40000000e-01 -1.53607516e-13 
-2.50000000e-01 -2.50000000e-01 -2.50000000e-01 -2.17531297e-13 
-2.60000000e-01 -2.60000000e-01 -2.60000000e-01 -3.08046292e-13 
-2.70000000e-01 -2.70000000e-01 -2.70000000e-01 -4.36206696e-13 
-2.80000000e-01 -2.80000000e-01 -2.80000000e-01 -6.17657022e-13 
-2.90000000e-01 -2.90000000e-01 -2.90000000e-01 -8.74534894e-13 
-3.00000000e-01 -3.00000000e-01 -3.00000000e-01 -1.23816015e-12 
-3.10000000e-01 -3.10000000e-01 -3.10000000e-01 -1.75283389e-12 
-3.20000000e-01 -3.20000000e-01 -3.20000000e-01 -2.48120266e-12 
-3.30000000e-01 -3.30000000e-01 -3.30000000e-01 -3.51182838e-12 
-3.40000000e-01 -3.40000000e-01 -3.40000000e-01 -4.96986343e-12 
-3.50000000e-01 -3.50000000e-01 -3.50000000e-01 -7.03209257e-12 
-3.60000000e-01 -3.60000000e-01 -3.60000000e-01 -9.94810673e-12 
-3.70000000e-01 -3.70000000e-01 -3.70000000e-01 -1.40700752e-11 
-3.80000000e-01 -3.80000000e-01 -3.80000000e-01 -1.98945498e-11 
-3.90000000e-01 -3.90000000e-01 -3.90000000e-01 -2.81210706e-11 
-4.00000000e-01 -4.00000000e-01 -4.00000000e-01 -3.97341711e-11 
-4.10000000e-01 -4.10000000e-01 -4.10000000e-01 -5.61178692e-11 
-4.20000000e-01 -4.20000000e-01 -4.20000000e-01 -7.92151047e-11 
-4.30000000e-01 -4.30000000e-01 -4.30000000e-01 -1.11749085e-10 
-4.40000000e-01 -4.40000000e-01 -4.40000000e-01 -1.57529507e-10 
-4.50000000e-01 -4.50000000e-01 -4.50000000e-01 -2.21874460e-10 
-4.60000000e-01 -4.60000000e-01 -4.60000000e-01 -3.12188975e-10 
-4.70000000e-01 -4.70000000e-01 -4.70000000e-01 -4.38754108e-10 
-4.80000000e-01 -4.80000000e-01 -4.80000000e-01 -6.15796563e-10 
-4.90000000e-01 -4.90000000e-01 -4.90000000e-01 -8.62928597e-10 
-5.00000000e-01 -5.00000000e-01 -5.00000000e-01 -1.20707150e-09 
-5.10000000e-01 -5.10000000e-01 -5.10000000e-01 -1.68500340e-09 
-5.20000000e-01 -5.20000000e-01 -5.20000000e-01 -2.34670345e-09 
-5.30000000e-01 -5.30000000e-01 -5.30000000e-01 -3.25969919e-09 
-5.40000000e-01 -5.40000000e-01 -5.40000000e-01 -4.51466316e-09 
-5.50000000e-01 -5.50000000e-01 -5.50000000e-01 -6.23254759e-09 
-5.60000000e-01 -5.60000000e-01 -5.60000000e-01 -8.57359881e-09 
-5.70000000e-01 -5.70000000e-01 -5.70000000e-01 -1.17486580e-08 
-5.80000000e-01 -5.80000000e-01 -5.80000000e-01 -1.60332424e-08 
-5.90000000e-01 -5.90000000e-01 -5.90000000e-01 -2.17850325e-08 
-6.00000000e-01 -6.00000000e-01 -6.00000000e-01 -2.94655694e-08 
-6.10000000e-01 -6.10000000e-01 -6.10000000e-01 -3.96672387e-08 
-6.20000000e-01 -6.20000000e-01 -6.20000000e-01 -5.31469980e-08 
-6.30000000e-01 -6.30000000e-01 -6.30000000e-01 -7.08688270e-08 
-6.40000000e-01 -6.40000000e-01 -6.40000000e-01 -9.40576059e-08 
-6.50000000e-01 -6.50000000e-01 -6.50000000e-01 -1.24268081e-07 
-6.60000000e-01 -6.60000000e-01 -6.60000000e-01 -1.63473852e-07 
-6.70000000e-01 -6.70000000e-01 -6.70000000e-01 -2.14182865e-07 
-6.80000000e-01 -6.80000000e-01 -6.80000000e-01 -2.79587872e-07 
-6.90000000e-01 -6.90000000e-01 -6.90000000e-01 -3.63762318e-07 
-7.00000000e-01 -7.00000000e-01 -7.00000000e-01 -4.71914117e-07 
-7.10000000e-01 -7.10000000e-01 -7.10000000e-01 -6.10710295e-07 
-7.20000000e-01 -7.20000000e-01 -7.20000000e-01 -7.88683620e-07 
-7.30000000e-01 -7.30000000e-01 -7.30000000e-01 -1.01672418e-06 
-7.40000000e-01 -7.40000000e-01 -7.40000000e-01 -1.30864163e-06 
-7.50000000e-01 -7.50000000e-01 -7.50000000e-01 -1.68175091e-06 
-7.60000000e-01 -7.60000000e-01 -7.60000000e-01 -2.15738543e-06 
-7.70000000e-01 -7.70000000e-01 -7.70000000e-01 -2.76117728e-06 
-7.80000000e-01 -7.80000000e-01 -7.80000000e-01 -3.52288761e-06 
-7.90000000e-01 -7.90000000e-01 -7.90000000e-01 -4.47555470e-06 
-8.00000000e-01 -8.00000000e-01 -8.00000000e-01 -5.65379920e-06 
-8.10000000e-01 -8.10000000e-01 -8.10000000e-01 -7.09130284e-06 
-8.20000000e-01 -8.20000000e-01 -8.20000000e-01 -8.81770885e-06 
-8.30000000e-01 -8.30000000e-01 -8.30000000e-01 -1.08553829e-05 
-8.40000000e-01 -8.40000000e-01 -8.40000000e-01 -1.32165290e-05 
-8.50000000e-01 -8.50000000e-01 -8.50000000e-01 -1.59010870e-05 
-8.60000000e-01 -8.60000000e-01 -8.60000000e-01 -1.88956981e-05 
-8.70000000e-01 -8.70000000e-01 -8.70000000e-01 -2.21738795e-05 
-8.80000000e-01 -8.80000000e-01 -8.80000000e-01 -2.56974104e-05 
-8.90000000e-01 -8.90000000e-01 -8.90000000e-01 -2.94187883e-05 
-9.00000000e-01 -9.00000000e-01 -9.00000000e-01 -3.32844700e-05 
-9.10000000e-01 -9.10000000e-01 -9.10000000e-01 -3.72385015e-05 
-9.20000000e-01 -9.20000000e-01 -9.20000000e-01 -4.12260956e-05 
-9.30000000e-01 -9.30000000e-01 -9.30000000e-01 -4.51967437e-05 
-9.40000000e-01 -9.40000000e-01 -9.40000000e-01 -4.91065695e-05 
-9.50000000e-01 -9.50000000e-01 -9.50000000e-01 -5.29197750e-05 
-9.60000000e-01 -9.60000000e-01 -9.60000000e-01 -5.66091934e-05 
-9.70000000e-01 -9.70000000e-01 -9.70000000e-01 -6.01560778e-05 
-9.80000000e-01 -9.80000000e-01 -9.80000000e-01 -6.35493197e-05 
-9.90000000e-01 -9.90000000e-01 -9.90000000e-01 -6.67843296e-05 
-1.00000000e+00 -1.00000000e+00 -1.00000000e+00 -6.98617596e-05 
-1.01000000e+00 -1.01000000e+00 -1.01000000e+00 -7.27862333e-05 
-1.02000000e+00 -1.02000000e+00 -1.02000000e+00 -7.55651848e-05 
-1.03000000e+00 -1.03000000e+00 -1.03000000e+00 -7.82078603e-05 
-1.04000000e+00 -1.04000000e+00 -1.04000000e+00 -8.07245063e-05 
-1.05000000e+00 -1.05000000e+00 -1.05000000e+00 -8.31257456e-05 
-1.06000000e+00 -1.06000000e+00 -1.06000000e+00 -8.54221163e-05 
-1.07000000e+00 -1.07000000e+00 -1.07000000e+00 -8.76237489e-05 
-1.08000000e+00 -1.08000000e+00 -1.08000000e+00 -8.97401641e-05 
-1.09000000e+00 -1.09000000e+00 -1.09000000e+00 -9.17801469e-05 
-1.10000000e+00 -1.10000000e+00 -1.10000000e+00 -9.37516954e-05 
-1.11000000e+00 -1.11000000e+00 -1.11000000e+00 -9.56620123e-05 
-1.12000000e+00 -1.12000000e+00 -1.12000000e+00 -9.75175214e-05 
-1.13000000e+00 -1.13000000e+00 -1.13000000e+00 -9.93239198e-05 
-1.14000000e+00 -1.14000000e+00 -1.14000000e+00 -1.01086225e-04 
-1.15000000e+00 -1.15000000e+00 -1.15000000e+00 -1.02808836e-04 
-1.16000000e+00 -1.16000000e+00 -1.16000000e+00 -1.04495600e-04 
-1.17000000e+00 -1.17000000e+00 -1.17000000e+00 -1.06149864e-04 
-1.18000000e+00 -1.18000000e+00 -1.18000000e+00 -1.07774540e-04 
-1.19000000e+00 -1.19000000e+00 -1.19000000e+00 -1.09372156e-04 
-1.20000000e+00 -1.20000000e+00 -1.20000000e+00 -1.10944899e-04 
