 0.00000000e+00  0.00000000e+00  0.00000000e+00  3.91441787e-21 
 1.00000000e-02  1.00000000e-02  1.00000000e-02  5.27712299e-21 
 2.00000000e-02  2.00000000e-02  2.00000000e-02  7.85315842e-21 
 3.00000000e-02  3.00000000e-02  3.00000000e-02  1.11232818e-20 
 4.00000000e-02  4.00000000e-02  4.00000000e-02  1.57551129e-20 
 5.00000000e-02  5.00000000e-02  5.00000000e-02  2.23156783e-20 
 6.00000000e-02  6.00000000e-02  6.00000000e-02  3.16081196e-20 
 7.00000000e-02  7.00000000e-02  7.00000000e-02  4.47700131e-20 
 8.00000000e-02  8.00000000e-02  8.00000000e-02  6.34126313e-20 
 9.00000000e-02  9.00000000e-02  9.00000000e-02  8.98181941e-20 
 1.00000000e-01  1.00000000e-01  1.00000000e-01  1.27219256e-19 
 1.10000000e-01  1.10000000e-01  1.10000000e-01  1.80194434e-19 
 1.20000000e-01  1.20000000e-01  1.20000000e-01  2.55228916e-19 
 1.30000000e-01  1.30000000e-01  1.30000000e-01  3.61508373e-19 
 1.40000000e-01  1.40000000e-01  1.40000000e-01  5.12043460e-19 
 1.50000000e-01  1.50000000e-01  1.50000000e-01  7.25262562e-19 
 1.60000000e-01  1.60000000e-01  1.60000000e-01  1.02726777e-18 
 1.70000000e-01  1.70000000e-01  1.70000000e-01  1.45503028e-18 
 1.80000000e-01  1.80000000e-01  1.80000000e-01  2.06091630e-18 
 1.90000000e-01  1.90000000e-01  1.90000000e-01  2.91909765e-18 
 2.00000000e-01  2.00000000e-01  2.00000000e-01  4.13463168e-18 
 2.10000000e-01  2.10000000e-01  2.10000000e-01  5.85632215e-18 
 2.20000000e-01  2.20000000e-01  2.20000000e-01  8.29493522e-18 
 2.30000000e-01  2.30000000e-01  2.30000000e-01  1.17490008e-17 
 2.40000000e-01  2.40000000e-01  2.40000000e-01  1.66413570e-17 
 2.50000000e-01  2.50000000e-01  2.50000000e-01  2.35709124e-17 
 2.60000000e-01  2.60000000e-01  2.60000000e-01  3.33859599e-17 
 2.70000000e-01  2.70000000e-01  2.70000000e-01  4.72880198e-17 
 2.80000000e-01  2.80000000e-01  2.80000000e-01  6.69789189e-17 
 2.90000000e-01  2.90000000e-01  2.90000000e-01  9.48691118e-17 
 3.00000000e-01  3.00000000e-01  3.00000000e-01  1.34372740e-16 
 3.10000000e-01  3.10000000e-01  3.10000000e-01  1.90325546e-16 
 3.20000000e-01  3.20000000e-01  3.20000000e-01  2.69576780e-16 
 3.30000000e-01  3.30000000e-01  3.30000000e-01  3.81827558e-16 
 3.40000000e-01  3.40000000e-01  3.40000000e-01  5.40818242e-16 
 3.50000000e-01  3.50000000e-01  3.50000000e-01  7.66010165e-16 
 3.60000000e-01  3.60000000e-01  3.60000000e-01  1.08496744e-15 
 3.70000000e-01  3.70000000e-01  3.70000000e-01  1.53673031e-15 
 3.80000000e-01  3.80000000e-01  3.80000000e-01  2.17659262e-15 
 3.90000000e-01  3.90000000e-01  3.90000000e-01  3.08286792e-15 
 4.00000000e-01  4.00000000e-01  4.00000000e-01  4.36647144e-15 
 4.10000000e-01  4.10000000e-01  4.10000000e-01  6.18448980e-15 
 4.20000000e-01  4.20000000e-01  4.20000000e-01  8.75939709e-15 
 4.30000000e-01  4.30000000e-01  4.30000000e-01  1.24062658e-14 
 4.40000000e-01  4.40000000e-01  4.40000000e-01  1.75712969e-14 
 4.50000000e-01  4.50000000e-01  4.50000000e-01  2.48863748e-14 
 4.60000000e-01  4.60000000e-01  4.60000000e-01  3.52463062e-14 
 4.70000000e-01  4.70000000e-01  4.70000000e-01  4.99181664e-14 
 4.80000000e-01  4.80000000e-01  4.80000000e-01  7.06960845e-14 
 4.90000000e-01  4.90000000e-01  4.90000000e-01  1.00120325e-13 
 5.00000000e-01  5.00000000e-01  5.00000000e-01  1.41787330e-13 
 5.10000000e-01  5.10000000e-01  5.10000000e-01  2.00788421e-13 
 5.20000000e-01  5.20000000e-01  5.20000000e-01  2.84330423e-13 
 5.30000000e-01  5.30000000e-01  5.30000000e-01  4.02613461e-13 
 5.40000000e-01  5.40000000e-01  5.40000000e-01  5.70072140e-13 
 5.50000000e-01  5.50000000e-01  5.50000000e-01  8.07129994e-13 
 5.60000000e-01  5.60000000e-01  5.60000000e-01  1.14267848e-12 
 5.70000000e-01  5.70000000e-01  5.70000000e-01  1.61757813e-12 
 5.80000000e-01  5.80000000e-01  5.80000000e-01  2.28960071e-12 
 5.90000000e-01  5.90000000e-01  5.90000000e-01  3.24040088e-12 
 6.00000000e-01  6.00000000e-01  6.00000000e-01  4.58534339e-12 
 6.10000000e-01  6.10000000e-01  6.10000000e-01  6.48734276e-12 
 6.20000000e-01  6.20000000e-01  6.20000000e-01  9.17633321e-12 
 6.30000000e-01  6.30000000e-01  6.30000000e-01  1.29766244e-11 
 6.40000000e-01  6.40000000e-01  6.40000000e-01  1.83452803e-11 
 6.50000000e-01  6.50000000e-01  6.50000000e-01  2.59258676e-11 
 6.60000000e-01  6.60000000e-01  6.60000000e-01  3.66235750e-11 
 6.70000000e-01  6.70000000e-01  6.70000000e-01  5.17099455e-11 
 6.80000000e-01  6.80000000e-01  6.80000000e-01  7.29684849e-11 
 6.90000000e-01  6.90000000e-01  6.90000000e-01  1.02896434e-10 
 7.00000000e-01  7.00000000e-01  7.00000000e-01  1.44983304e-10 
 7.10000000e-01  7.10000000e-01  7.10000000e-01  2.04093698e-10 
 7.20000000e-01  7.20000000e-01  7.20000000e-01  2.86990822e-10 
 7.30000000e-01  7.30000000e-01  7.30000000e-01  4.03048359e-10 
 7.40000000e-01  7.40000000e-01  7.40000000e-01  5.65212336e-10 
 7.50000000e-01  7.50000000e-01  7.50000000e-01  7.91291757e-10 
 7.60000000e-01  7.60000000e-01  7.60000000e-01  1.10567742e-09 
 7.70000000e-01  7.70000000e-01  7.70000000e-01  1.54161301e-09 
 7.80000000e-01  7.80000000e-01  7.80000000e-01  2.14417224e-09 
 7.90000000e-01  7.90000000e-01  7.90000000e-01  2.97413155e-09 
 8.00000000e-01  8.00000000e-01  8.00000000e-01  4.11297250e-09 
 8.10000000e-01  8.10000000e-01  8.10000000e-01  5.66930403e-09 
 8.20000000e-01  8.20000000e-01  8.20000000e-01  7.78706245e-09 
 8.30000000e-01  8.30000000e-01  8.30000000e-01  1.06559206e-08 
 8.40000000e-01  8.40000000e-01  8.40000000e-01  1.45243869e-08 
 8.50000000e-01  8.50000000e-01  8.50000000e-01  1.97160252e-08 
 8.60000000e-01  8.60000000e-01  8.60000000e-01  2.66489357e-08 
 8.70000000e-01  8.70000000e-01  8.70000000e-01  3.58578480e-08 
 8.80000000e-01  8.80000000e-01  8.80000000e-01  4.80165997e-08 
 8.90000000e-01  8.90000000e-01  8.90000000e-01  6.39561617e-08 
 9.00000000e-01  9.00000000e-01  9.00000000e-01  8.46699567e-08 
 9.10000000e-01  9.10000000e-01  9.10000000e-01  1.11295148e-07 
 9.20000000e-01  9.20000000e-01  9.20000000e-01  1.45058345e-07 
 9.30000000e-01  9.30000000e-01  9.30000000e-01  1.87179834e-07 
 9.40000000e-01  9.40000000e-01  9.40000000e-01  2.38743213e-07 
 9.50000000e-01  9.50000000e-01  9.50000000e-01  3.00553384e-07 
 9.60000000e-01  9.60000000e-01  9.60000000e-01  3.73016239e-07 
 9.70000000e-01  9.70000000e-01  9.70000000e-01  4.56070421e-07 
 9.80000000e-01  9.80000000e-01  9.80000000e-01  5.49185732e-07 
 9.90000000e-01  9.90000000e-01  9.90000000e-01  6.51423196e-07 
 1.00000000e+00  1.00000000e+00  1.00000000e+00  7.61537884e-07 
 1.01000000e+00  1.01000000e+00  1.01000000e+00  8.78100815e-07 
 1.02000000e+00  1.02000000e+00  1.02000000e+00  9.99618821e-07 
 1.03000000e+00  1.03000000e+00  1.03000000e+00  1.12463735e-06 
 1.04000000e+00  1.04000000e+00  1.04000000e+00  1.25181810e-06 
 1.05000000e+00  1.05000000e+00  1.05000000e+00  1.37998938e-06 
 1.06000000e+00  1.06000000e+00  1.06000000e+00  1.50817117e-06 
 1.07000000e+00  1.07000000e+00  1.07000000e+00  1.63557983e-06 
 1.08000000e+00  1.08000000e+00  1.08000000e+00  1.76161782e-06 
 1.09000000e+00  1.09000000e+00  1.09000000e+00  1.88585412e-06 
 1.10000000e+00  1.10000000e+00  1.10000000e+00  2.00799975e-06 
 1.11000000e+00  1.11000000e+00  1.11000000e+00  2.12788216e-06 
 1.12000000e+00  1.12000000e+00  1.12000000e+00  2.24542057e-06 
 1.13000000e+00  1.13000000e+00  1.13000000e+00  2.36060396e-06 
 1.14000000e+00  1.14000000e+00  1.14000000e+00  2.47347210e-06 
 1.15000000e+00  1.15000000e+00  1.15000000e+00  2.58409999e-06 
 1.16000000e+00  1.16000000e+00  1.16000000e+00  2.69258544e-06 
 1.17000000e+00  1.17000000e+00  1.17000000e+00  2.79903948e-06 
 1.18000000e+00  1.18000000e+00  1.18000000e+00  2.90357917e-06 
 1.19000000e+00  1.19000000e+00  1.19000000e+00  3.00632230e-06 
 1.20000000e+00  1.20000000e+00  1.20000000e+00  3.10738380e-06 
